0001766719
0001475437
0001954101
0001311102
0002108980
0000759069
0002070710
0001862911
0002586004
0000120530
0001407953
0002328625
0001809180
0001912242
0001439605
0001889604
0001405296
0000569863
0002254370
0001624770
0002498387
0002441345
0001053114
0002533239
0002493223
0002467010
0000553702
0001791438
0001788171
0001891534
0001707776
0000514159
0001635425
0001879049
0002092520
0001555594
0001632171
0001620677
0001052173
0002703306
0002839168
0002348405
0002884943
0001811346
0002135846
0001236236
0001761235
0002727268
0000058350
0002285935
0000862877
0001980560
0001674936
0002866109
0000563708
0001580005
0000681743
0002281532
0002688816
0001835168
0001003652
0002122052
0000416084
0001609335
0001961009
0002213812
0000196332
0002914223
0002012047
0000646552
0002827669
0001386816
0001393112
0001105490
0002699788
0002011275
0000764052
0002854779
0002156928
0002841521
0002718716
0001682917
0002358724
0002749731
0000325428
0001966301
0001562143
0001308202
0002229889
0002765593
0002046046
0002057328
0002782267
0002074222
0001943916
0001008451
0002324275
0002092661
0002376407
0002738728
0002631667
0000094262
0002281630
0000074007
0002112715
0002148279
0002421236
0001018567
0000660217
0000600632
0001737677
0002911793
0001539968
0001708560
0000120180
0002712217
0002844960
0002574543
0000802860
0001263606
0000267278
0000112490
0002734151
0000095438
0002715299
0001034110
0002077266
0001845943
0000252100
0001600137
0001899404
0002062175
0000921710
0002139530
0001921294
0002341924
0001659107
0001399119
0000459187
0002070676
0001498199
0002521358
0002121773
0002620338
0001913943
0002480744
0002305178
0001886757
0001916166
0002658669
0001197387
0001100082
0001856607
0001834609
0001932513
0001555019
0002494109
0002505454
0000106068
0002520391
0001935240
0002503912
0002410484
0002457424
0001868313
0002022180
0000739939
0002481583
0002080491
0002112408
0000296595
0002365034
0002694347
0002015224
0001788889
0002616969
0002583711
0002272653
0002550632
0002259498
0001536602
0001773124
0002077343
0001996286
0001687719
0002033572
0001780827
0001201207
0002294625
0000345214
0001208351
0001772197
0002364369
0002505095
0001150988
0001782631
0001994007
0002414597
0000869358
0001969191
0000610389
0002514383
0000310276
0000333621
0000835561
0000655431
0001910951
0002224375
0000847676
0002101997
0001302558
0000414823
0002600071
0002838203
0001839975
0002277141
0002311880
0002015371
0002682076
0002007403
0001066988
0001946893
0002232409
0001473934
0001762981
0002232805
0000754938
0002194160
0000399269
0001264770
0002819289
0002755248
0002587718
0001937451
0001507577
0002028515
0001906905
0001778682
0002810198
0002698373
0002783045
0002395822
0001756118
0002462963
0001902261
0001970286
0002328652
0002683873
0000188622
0002029824
0002098312
0002288009
0001690094
0000888075
0001395918
0000904695
0001888424
0001799563
0002313334
0005008968
0002918436
0002862418
0002183943
0002067753
0002362464
0002807906
0002791004
0002267401
0002721570
0000443996
0001922157
0002043688
0001029772
0002733886
0005011805
0002718856
0000180170
0002851409
0001844372
0001350662
0000805746
0000943296
0002934229
0001851963
0000243902
0000242256
0000231250
0002050290
0005007510
0002136223
0000294310
0001787377
0002502980
0002856875
0001620821
0002217006
0002106472
0002777339
0002673157
0001788953
0001675512
0002020702
0002846981
0001863588
0002259967
0000905653
0002297192
0002925376
0000709957
0002785414
0002814256
0001937601
0002927876
0000534590
0000768887
0002900135
0001986236
0005011078
0000669094
0002693285
0001007883
0001186938
0001982662
0002906446
0001706235
0002153390
0002361754
0001295227
0001762739
0002834868
0001488157
0002816276
0000611387
0001286675
0001276177
0002267229
0002321095
0002131923
0000650039
0000773532
0005010222
0001552313
0002880859
0001797897
0002220988
0002474499
0001567283
0002898787
0001245582
0002920333
0000140549
0002758299
0001026417
0002211237
0000045959
0001424329
0002090905
0000379988
0002699387
0002260790
0001025509
0002227384
0001915310
0002931567
0002783353
0001684921
0002024346
0002248195
0001424250
0001267528
0002433722
0001282364
0002884382
0002538756
0001154445
0002889042
0001049784
0001575119
0002669583
0001245558
0001877742
0002687075
0002800376
0002866249
0002837402
0000073025
0000362738
0002758181
0001038876
0002254308
0001639901
0002470557
0002730683
0002707373
0001343492
0002745774
0000254575
0002719416
0002487272
0002251969
0002639387
0002437744
0002120812
0001519131
0000913336
0002264956
0002388040
0001765198
0002223042
0002634197
0001994244
0001268688
0001637317
0001763652
0001672618
0002072410
0001848404
0001753135
0001707598
0002118073
0002057806
0001755280
0002651258
0001698967
0001653474
0002352289
0002664960
0002647790
0002608530
0001377502
0000809014
0002638600
0000099888
0002546014
0002105875
0001418119
0001869854
0001081500
0001752322
0001460974
0002067902
0002503065
0002646669
0001363237
0002433651
0001420927
0001982992
0001004439
0000502182
0001971954
0002023116
0001313500
0001802995
0000800673
0000723686
0002489378
0002562808
0001423838
0001049747
0000101600
0002312952
0002342687
0001354457
0002560007
0001704231
0001722636
0002034166
0001764593
0001334435
0000358335
0001947010
0000874689
0001773915
0002004395
0002042762
0001768829
0000060956
0000623751
0001831069
0001764564
0000331314
